0.008155841415028836
10.95890410958904
100.0
100.0
2.9850746268656714

0.05694888094853221
93.15068493150685
93.05555555555556
16.666666666666664
100.0

0.06794722987275903
91.78082191780823
91.78082191780823
0.0
100.0

0.09699880635532593
91.78082191780823
91.78082191780823
0.0
100.0

0.04956239689951996
91.78082191780823
91.78082191780823
0.0
100.0

0.008155841415028836
90.41095890410958
91.66666666666666
0.0
98.50746268656717

0.05694888094853221
90.41095890410958
95.45454545454545
50.0
94.02985074626866

0.06794722987275903
89.04109589041096
94.02985074626866
33.33333333333333
94.02985074626866

0.09699880635532593
83.56164383561644
95.08196721311475
50.0
86.56716417910447

0.04956239689951996
91.78082191780823
91.78082191780823
0.0
100.0

0.008155841415028836
91.78082191780823
91.78082191780823
0.0
100.0

0.05694888094853221
80.82191780821918
92.06349206349206
16.666666666666664
86.56716417910447

0.06794722987275903
91.78082191780823
91.78082191780823
0.0
100.0

0.09699880635532593
15.068493150684931
100.0
100.0
7.462686567164178

0.04956239689951996
91.78082191780823
91.78082191780823
0.0
100.0

0.008155841415028836
86.3013698630137
93.84615384615384
33.33333333333333
91.04477611940298

0.05694888094853221
91.78082191780823
91.78082191780823
0.0
100.0

0.06794722987275903
91.78082191780823
92.95774647887323
16.666666666666664
98.50746268656717

0.09699880635532593
84.93150684931507
92.42424242424242
16.666666666666664
91.04477611940298

0.04956239689951996
72.6027397260274
92.72727272727272
33.33333333333333
76.11940298507463

0.008155841415028836
90.41095890410958
92.85714285714286
16.666666666666664
97.01492537313433

0.05694888094853221
91.78082191780823
91.78082191780823
0.0
100.0

0.06794722987275903
86.3013698630137
96.72131147540983
66.66666666666666
88.05970149253731

0.09699880635532593
90.41095890410958
91.66666666666666
0.0
98.50746268656717

0.04956239689951996
91.78082191780823
91.78082191780823
0.0
100.0

0.008155841415028836
91.78082191780823
91.78082191780823
0.0
100.0

0.05694888094853221
20.54794520547945
100.0
100.0
13.432835820895523

0.06794722987275903
91.78082191780823
91.78082191780823
0.0
100.0

0.09699880635532593
90.41095890410958
92.85714285714286
16.666666666666664
97.01492537313433

0.04956239689951996
91.78082191780823
92.95774647887323
16.666666666666664
98.50746268656717

0.008155841415028836
91.78082191780823
95.52238805970148
50.0
95.52238805970148

0.05694888094853221
91.78082191780823
91.78082191780823
0.0
100.0

0.06794722987275903
34.24657534246575
95.23809523809523
83.33333333333334
29.850746268656714

0.09699880635532593
91.78082191780823
94.20289855072464
33.33333333333333
97.01492537313433

0.04956239689951996
90.41095890410958
94.11764705882352
33.33333333333333
95.52238805970148

