0.037907246831006776
15.068493150684931
0
100.0
0.0

0.0644500675047105
84.93150684931507
84.93150684931507
0.0
100.0

0.023889137911638016
84.93150684931507
84.93150684931507
0.0
100.0

0.07116547806876443
84.93150684931507
84.93150684931507
0.0
100.0

0.053412077410329065
84.93150684931507
84.93150684931507
0.0
100.0

0.037907246831006776
84.93150684931507
84.93150684931507
0.0
100.0

0.0644500675047105
82.1917808219178
84.50704225352112
0.0
96.7741935483871

0.023889137911638016
84.93150684931507
84.93150684931507
0.0
100.0

0.07116547806876443
84.93150684931507
84.93150684931507
0.0
100.0

0.053412077410329065
84.93150684931507
84.93150684931507
0.0
100.0

0.037907246831006776
13.698630136986301
0.0
90.9090909090909
0.0

0.0644500675047105
84.93150684931507
84.93150684931507
0.0
100.0

0.023889137911638016
84.93150684931507
84.93150684931507
0.0
100.0

0.07116547806876443
84.93150684931507
84.93150684931507
0.0
100.0

0.053412077410329065
84.93150684931507
84.93150684931507
0.0
100.0

0.037907246831006776
84.93150684931507
84.93150684931507
0.0
100.0

0.0644500675047105
84.93150684931507
85.91549295774648
9.090909090909092
98.38709677419355

0.023889137911638016
15.068493150684931
0
100.0
0.0

0.07116547806876443
84.93150684931507
84.93150684931507
0.0
100.0

0.053412077410329065
84.93150684931507
84.93150684931507
0.0
100.0

0.037907246831006776
84.93150684931507
84.93150684931507
0.0
100.0

0.0644500675047105
84.93150684931507
84.93150684931507
0.0
100.0

0.023889137911638016
84.93150684931507
84.93150684931507
0.0
100.0

0.07116547806876443
84.93150684931507
84.93150684931507
0.0
100.0

0.053412077410329065
83.56164383561644
84.72222222222221
0.0
98.38709677419355

0.037907246831006776
84.93150684931507
84.93150684931507
0.0
100.0

0.0644500675047105
84.93150684931507
84.93150684931507
0.0
100.0

0.023889137911638016
84.93150684931507
84.93150684931507
0.0
100.0

0.07116547806876443
84.93150684931507
84.93150684931507
0.0
100.0

0.053412077410329065
84.93150684931507
84.93150684931507
0.0
100.0

0.037907246831006776
84.93150684931507
84.93150684931507
0.0
100.0

0.0644500675047105
84.93150684931507
86.95652173913044
18.181818181818183
96.7741935483871

0.023889137911638016
84.93150684931507
84.93150684931507
0.0
100.0

0.07116547806876443
84.93150684931507
84.93150684931507
0.0
100.0

0.053412077410329065
84.93150684931507
84.93150684931507
0.0
100.0

