230
134
0.7238805970149254
0.15384615384615385
0.808695652173913
0.21052631578947367

230
310
0.7142857142857143
0.0
0.7692307692307693
0.0

230
144
0.7083333333333334
0.1111111111111111
0.8048780487804879
0.14285714285714285

230
108
0.7685185185185185
0.23529411764705882
0.8586956521739131
0.25

230
146
0.7397260273972602
0.14814814814814814
0.8188976377952756
0.21052631578947367

230
116
0.7758620689655172
0.2631578947368421
0.8585858585858586
0.29411764705882354

230
146
0.7397260273972602
0.14814814814814814
0.8188976377952756
0.21052631578947367

230
168
0.7236842105263158
0.125
0.7910447761194029
0.2222222222222222

230
258
0.8571428571428571
0.0
0.96
0.0

230
345
0.3333333333333333
0.5
0.0
0.5

267
107
0.7757009345794392
0.14285714285714285
0.8709677419354839
0.14285714285714285

267
309
0.8461538461538461
0.0
0.9166666666666666
0.0

267
116
0.75
0.06666666666666667
0.86
0.0625

267
100
0.78
0.21428571428571427
0.872093023255814
0.21428571428571427

267
118
0.7711864406779662
0.13333333333333333
0.8725490196078431
0.125

267
104
0.7980769230769231
0.2857142857142857
0.8876404494382022
0.26666666666666666

267
118
0.7711864406779662
0.13333333333333333
0.8725490196078431
0.125

267
133
0.8048780487804879
0.0
0.9166666666666666
0.0

267
249
0.8947368421052632
0.0
0.9444444444444444
0.0

267
345
0.3333333333333333
0
1.0
0.0

140
134
0.7238805970149254
0.15384615384615385
0.808695652173913
0.21052631578947367

140
314
0.7222222222222222
0.0
0.8125
0.0

140
162
0.6975308641975309
0.14285714285714285
0.782608695652174
0.20833333333333334

140
108
0.7685185185185185
0.23529411764705882
0.8586956521739131
0.25

140
168
0.6726190476190477
0.10526315789473684
0.7622377622377622
0.16

140
116
0.7758620689655172
0.2631578947368421
0.8585858585858586
0.29411764705882354

140
168
0.6726190476190477
0.10526315789473684
0.7622377622377622
0.16

140
225
0.6766917293233082
0.14705882352941177
0.7456140350877193
0.2631578947368421

140
267
0.7837837837837838
0.25
0.9032258064516129
0.16666666666666666

140
347
0.4
0.3333333333333333
0.3333333333333333
0.5

143
134
0.7238805970149254
0.15384615384615385
0.808695652173913
0.21052631578947367

143
314
0.7222222222222222
0.0
0.8125
0.0

143
162
0.6975308641975309
0.14285714285714285
0.782608695652174
0.20833333333333334

143
108
0.7685185185185185
0.23529411764705882
0.8586956521739131
0.25

143
168
0.6726190476190477
0.10526315789473684
0.7622377622377622
0.16

143
116
0.7758620689655172
0.2631578947368421
0.8585858585858586
0.29411764705882354

143
168
0.6726190476190477
0.10526315789473684
0.7622377622377622
0.16

143
224
0.6742424242424242
0.14705882352941177
0.7433628318584071
0.2631578947368421

143
267
0.7837837837837838
0.25
0.9032258064516129
0.16666666666666666

143
347
0.4
0.3333333333333333
0.3333333333333333
0.5

140
134
0.7238805970149254
0.15384615384615385
0.808695652173913
0.21052631578947367

140
314
0.7222222222222222
0.0
0.8125
0.0

140
162
0.6975308641975309
0.14285714285714285
0.782608695652174
0.20833333333333334

140
108
0.7685185185185185
0.23529411764705882
0.8586956521739131
0.25

140
168
0.6726190476190477
0.10526315789473684
0.7622377622377622
0.16

140
116
0.7758620689655172
0.2631578947368421
0.8585858585858586
0.29411764705882354

140
168
0.6726190476190477
0.10526315789473684
0.7622377622377622
0.16

140
225
0.6766917293233082
0.14705882352941177
0.7456140350877193
0.2631578947368421

140
267
0.7837837837837838
0.25
0.9032258064516129
0.16666666666666666

140
347
0.4
0.3333333333333333
0.3333333333333333
0.5

264
109
0.7706422018348624
0.13333333333333333
0.8631578947368421
0.14285714285714285

264
309
0.7692307692307693
0.0
0.8333333333333334
0.0

264
118
0.7457627118644068
0.0625
0.8529411764705882
0.0625

264
102
0.7843137254901961
0.26666666666666666
0.8735632183908046
0.26666666666666666

264
120
0.7583333333333333
0.125
0.8640776699029126
0.11764705882352941

264
106
0.7924528301886793
0.26666666666666666
0.8791208791208791
0.26666666666666666

264
120
0.7583333333333333
0.125
0.8640776699029126
0.11764705882352941

264
137
0.8
0.0
0.9
0.0

264
250
0.9
0.0
0.9473684210526315
0.0

264
345
0.0
0.0
0.0
0.0

241
126
0.753968253968254
0.18181818181818182
0.8348623853211009
0.23529411764705882

241
309
0.7692307692307693
0.0
0.8333333333333334
0.0

241
135
0.7185185185185186
0.08695652173913043
0.8189655172413793
0.10526315789473684

241
108
0.7685185185185185
0.23529411764705882
0.8586956521739131
0.25

241
137
0.7518248175182481
0.17391304347826086
0.8389830508474576
0.21052631578947367

241
116
0.7758620689655172
0.2631578947368421
0.8585858585858586
0.29411764705882354

241
137
0.7518248175182481
0.17391304347826086
0.8389830508474576
0.21052631578947367

241
158
0.7727272727272727
0.16666666666666666
0.8305084745762712
0.2857142857142857

241
256
0.8846153846153846
0.0
0.9583333333333334
0.0

241
345
0.3333333333333333
0.5
0.0
0.5

350
18
0.7777777777777778
0.0
0.875
0.0

350
300
1.0
0
1.0
0

350
21
0.7619047619047619
0.0
0.8888888888888888
0.0

350
17
0.8235294117647058
0.0
0.875
0.0

350
21
0.8095238095238095
0.0
0.8947368421052632
0.0

350
18
0.8333333333333334
0.0
0.8823529411764706
0.0

350
21
0.8095238095238095
0.0
0.8947368421052632
0.0

350
99
0.8571428571428571
0
1.0
0.0

350
235
0.8
0.0
0.8
0

350
343
0.0
0
0
0.0

302
77
0.7662337662337663
0.1
0.8656716417910447
0.1

302
306
0.8
0.0
0.8888888888888888
0.0

302
84
0.75
0.09090909090909091
0.8611111111111112
0.08333333333333333

302
74
0.7837837837837838
0.2
0.875
0.2

302
86
0.8023255813953488
0.18181818181818182
0.881578947368421
0.2

302
75
0.7866666666666666
0.3
0.8888888888888888
0.25

302
86
0.8023255813953488
0.18181818181818182
0.881578947368421
0.2

302
117
0.84
0.0
0.875
0.0

302
244
0.7857142857142857
0.0
0.8461538461538461
0.0

302
344
0.5
0
1.0
0.0

 
88
0.7954545454545454
0.1111111111111111
0.8961038961038961
0.09090909090909091

290
308
0.8333333333333334
0.0
0.9090909090909091
0.0

290
96
0.7916666666666666
0.1
0.8928571428571429
0.08333333333333333

290
84
0.8095238095238095
0.2222222222222222
0.9041095890410958
0.18181818181818182

290
98
0.826530612244898
0.2
0.9080459770114943
0.18181818181818182

290
86
0.8023255813953488
0.3333333333333333
0.9166666666666666
0.21428571428571427

290
98
0.826530612244898
0.2
0.9080459770114943
0.18181818181818182

290
122
0.8333333333333334
0.0
0.8928571428571429
0.0

290
245
0.8666666666666667
0.0
0.9285714285714286
0.0

290
344
0.5
0
1.0
0.0

